{
  "Genres": {
    "Animation": 6.470917431192667,
    "Musical": 6.310220832519068,
    "History": 6.934179613489983,
    "Sport": 6.648032936871007,
    "Sci-Fi": 5.382397660818722,
    "Romance": 6.250217940894487,
    "Adult": 5.890124169794992,
    "Mystery": 6.096438393839367,
    "Family": 6.3377462667837605,
    "Film-Noir": 6.650765606595996,
    "Drama": 6.395750708215209,
    "Documentary": 7.314288377642734,
    "Game-Show": 5.75,
    "Reality-TV": 6.392307692307692,
    "Thriller": 5.738743551952832,
    "Crime": 6.137147746719921,
    "Biography": 7.079127198917456,
    "Action": 5.797440175421899,
    "Adventure": 6.076730329742046,
    "Music": 6.859370988446711,
    "Fantasy": 6.0456726649528685,
    "Talk-Show": 6.88,
    "War": 6.572098501070659,
    "Horror": 5.190150528296418,
    "News": 7.341737649063028,
    "Short": 6.335294117647059,
    "Comedy": 6.044378229547786,
    "\\N": 6.245499697966361,
    "Western": 6.040018943878777
  },
  "Average": 6.254625497255714
}